0 0 9 22 24 21 20 26 
1 11 28 24 12 
2 11 19 1 27 11 18 20 12 
3 26 25 26 
4 4 17 12 15 
5 26 19 11 12 
6 11 26 23 26 13 21 22 1 
7 23 3 2 19 27 17 21 19 18 
8 22 2 9 27 11 18 
9 
10 16 22 25 10 23 
11 11 2 10 20 18 21 
12 1 24 14 17 14 
13 5 15 2 28 28 1 
14 10 8 13 22 2 24 
15 14 21 14 7 
16 28 19 28 18 3 11 
17 18 5 17 5 
18 6 10 26 21 14 
19 2 26 6 24 28 
20 2 16 21 20 0 
21 28 19 3 16 26 
22 18 27 21 18 
23 7 9 24 14 
24 27 11 22 26 
25 17 18 23 12 17 
26 18 7 11 3 19 2 
27 6 25 2 19 
28 4 14 3 10 
