1 2 4 6 10
2 2 5 8 14
3 5 7 9 12
4 1 7 11
5 2 3 5 13
6 1 14
7 10
8 12 14
9 1 4 7 13
10 8 9 11
11 1 2 3 4 9 10 11 14
12 5 9
13 1
14 12
15 2
16 17
17 5
18 10 11
19 10 15 17
20 19 
21 18 19 20
22 1 2 5 7
23 15
24 14
25 18 19
27 12 14 15
28 19 24 25
29 21 22 23 24 25
30 22 25 26 27
31 12 14 15 17
32 10 12 14 15 16 17
33 10 11 12 13 14
34 1 2 3 4 5 6 7
35 10 11 12 13 14 15
36 16 17 18 19 20
37 21 22 23 24 25
38 26 27 28 29 30
39 1 5 3 7 9
40 20 21 27 18
41 31 32 33 34 35
42 36 37 38 39 40
43 41 42
44 40
45 1 10 20 30 40