372 286
835 76
724 398
542 211
145 473
298 642
250 455
137 812
513 148
222 583
46 693
231 19
474 972
108 153
541 629
614 867
735 906
630 383
3 62
123 610
85 829
349 821
874 6
981 815
774 883
462 865
565 460
516 577
461 396
270 213
26 479
17 453
586 526
453 560
443 710
258 710
107 1011
881 1003
388 308
96 240
934 776
774 839
624 158
403 907
193 947
773 761
199 54
342 728
490 634
823 336
224 496
453 923
335 481
925 367
717 489
545 452
449 387
10 707
166 943
148 739
930 450
321 504
569 679
948 990
625 27
365 53
474 551
590 764
68 830
780 633
152 542
244 729
18 134
690 633
510 745
393 398
411 787
500 62
764 714
340 658
626 130
41 74
573 809
784 144
66 711
373 881
517 499
103 687
372 696
430 259
330 383
436 199
319 398
177 123
527 914
425 157
252 650
520 245
309 130
802 635
281 484
967 492
481 188
41 246
784 520
787 938
14 815
2 633
781 972
62 222
273 197
105 23
334 854
252 630
786 441
215 406
267 172
249 897
510 878
345 891
637 199
179 748
953 604
458 887
773 668
163 503
969 994
77 967
363 210
629 284
34 746
511 970
668 713
119 188
826 511
560 207
21 269
145 864
611 1012
686 424
235 511
774 42
280 695
29 204
806 112
858 477
390 127
164 394
579 605
670 609
244 766
958 764
451 591
186 278
342 856
810 365
554 252
384 83
561 64
406 506
848 728
451 392
429 234
514 501
276 761
931 780
235 903
533 95
653 916
612 984
998 501
263 787
613 862
884 417
926 1016
61 438
434 717
905 96
518 656
473 127
76 677
214 668
815 40
820 897
451 348
958 511
193 155
225 638
633 518
133 484
697 192
901 808
509 300
649 552
890 977
298 812
940 335
165 974
132 3
555 990
1012 361
308 361
882 698
845 109
136 435
874 886
777 905
958 457
868 311
191 47
566 138
780 698
439 890
594 847
888 977
344 698
935 25
124 429
328 414
412 1006
17 769
636 989
48 960
530 437
62 952
429 17
32 60
58 185
605 727
302 898
509 13
774 713
284 46
98 734
686 223
939 309
64 610
878 64
789 764
633 275
315 261
699 475
612 999
135 742
654 101
900 891
259 996
958 353
654 235
972 304
664 991
747 867
861 77
292 230
462 989
141 756
910 635
508 471
733 951
547 343
630 155
595 709
203 489
881 850
940 462
467 484
433 78
202 648
222 191
144 666
942 574
648 815
707 84
279 970
766 12
383 684
334 571
762 145
124 383
740 122
528 621
845 303
887 522
175 1014
688 4
674 581
276 750
343 126
670 572
129 662
153 813
992 739
79 487
763 800
740 575
374 967
141 461
469 304
833 729
337 502
853 677
860 807
298 690
717 645
553 341
152 166
520 811
573 319
845 9
150 274
1001 777
242 647
161 188
1010 624
442 491
964 95
709 697
113 385
288 266
1010 705
109 598
270 882
951 810
518 212
998 656
298 456
230 987
115 526
852 445
261 988
871 684
123 538
45 532
341 509
301 363
248 542
984 144
949 759
799 961
154 141
478 403
969 880
196 818
616 537
579 978
421 248
710 100
3 945
361 79
839 341
1020 654
436 487
854 18
389 358
28 53
381 480
615 535
231 126
45 862
685 843
310 24
941 342
575 808
961 904
579 454
968 448
920 169
335 178
362 115
111 721
798 217
153 610
114 768
795 152
1020 430
751 201
599 915
744 507
629 327
44 426
149 733
942 816
1005 450
678 837
929 580
474 589
722 547
837 349
650 427
876 166
306 797
152 718
975 902
830 668
984 900
424 941
813 734
501 717
503 905
491 453
752 984
351 584
298 925
256 881
586 954
39 196
132 846
357 887
996 70
366 991
732 217
738 127
624 906
338 387
56 909
759 440
668 502
827 902
171 92
844 511
332 365
424 976
770 277
376 461
558 936
484 94
935 744
988 955
123 552
771 518
339 431
925 960
343 735
497 192
943 552
501 353
177 252
205 514
148 488
125 539
390 179
436 761
892 921
712 932
476 846
12 433
690 69
150 665
124 949
966 51
571 951
446 57
628 379
934 748
383 831
470 386
574 171
593 963
804 268
46 618
652 112
434 396
348 946
774 730
555 884
172 82
470 493
818 395
885 568
300 870
661 30
671 429
169 328
226 458
536 331
337 20
111 1006
597 817
800 733
883 596
919 316
314 225
822 909
314 303
120 575
518 902
891 278
147 128
11 153
295 74
381 549
739 1016
171 644
500 436
80 219
298 308
521 766
366 608
903 204
851 676
303 267
578 204
945 412
701 629
621 265
145 397
2 924
820 279
849 869
505 271
127 56
740 701
718 250
671 69
484 674
43 400
644 618
667 772
16 358
100 537
994 658
435 998
375 574
963 929
609 385
203 229
136 278
829 473
297 587
681 180
642 915
672 166
12 208
669 1004
803 517
888 367
618 570
985 130
249 724
570 47
115 158
808 967
132 315
31 658
688 114
544 890
319 1013
352 252
265 554
127 528
692 738
466 486
56 34
445 866
33 144
99 1017
32 801
945 521
414 754
971 532
720 310
987 781
165 819
343 818
154 227
310 153
123 943
245 470
714 31
152 547
264 903
528 291
365 997
780 176
923 40
217 925
541 97
72 641
686 481
337 468
149 889
683 682
503 213
240 28
113 1014
751 6
780 525
582 173
459 673
527 774
334 941
783 524
136 275
85 636
811 232
186 110
252 912
484 731
355 412
935 109
210 625
852 930
713 891
516 726
188 703
875 957
61 341
343 956
1005 315
264 769
289 350
458 516
177 236
460 661
702 398
791 850
118 880
477 652
3 401
827 218
616 286
594 686
665 166
436 256
952 483
559 762
496 791
72 900
50 8
522 814
790 179
956 323
641 712
813 556
887 738
754 490
735 898
192 939
787 696
4 231
696 202
419 729
284 557
187 294
924 279
884 172
774 695
62 183
324 787
60 865
153 53
890 142
35 687
844 660
38 578
737 576
162 414
737 16
0 50
101 115
1019 674
113 346
344 480
112 522
516 413
856 453
732 913
486 477
176 13
901 811
566 445
962 13
248 309
572 321
551 390
361 779
717 899
337 852
793 529
368 977
204 123
919 471
767 913
1022 870
536 114
875 766
530 668
791 165
764 357
42 620
239 1007
933 8
468 480
170 920
125 401
906 179
214 346
568 845
988 581
76 196
968 612
2 70
1 929
1007 431
679 976
344 225
225 424
845 807
176 795
674 398
910 278
500 220
518 824
371 218
217 948
434 745
935 180
34 164
355 310
470 946
376 627
33 91
764 837
991 657
452 73
811 954
569 823
641 159
694 637
456 861
984 291
712 419
813 807
186 246
142 484
975 267
582 542
460 81
637 553
711 33
875 50
6 902
259 320
780 327
168 687
604 720
160 0
718 957
541 783
1015 800
71 720
416 192
843 805
674 921
817 259
90 979
677 641
365 251
760 401
356 1014
977 29
70 887
262 22
292 244
925 301
817 814
156 417
223 806
774 472
328 844
282 34
285 794
747 293
816 607
848 197
776 155
289 910
571 19
857 530
910 517
332 942
363 921
275 909
758 62
113 869
467 162
648 671
957 67
338 657
246 688
42 963
111 409
1007 321
725 360
66 276
911 197
189 321
117 492
499 782
152 848
226 622
798 682
1014 641
587 331
247 309
497 111
30 735
351 7
203 18
619 320
101 270
613 250
578 499
443 760
592 955
503 677
149 351
433 281
209 497
344 690
817 733
364 76
855 854
154 432
794 158
796 229
495 695
381 939
520 200
617 984
301 68
413 307
963 762
775 467
249 946
760 636
529 232
123 677
918 876
769 129
1022 805
789 19
338 242
675 497
648 1002
213 804
657 604
126 983
717 566
449 542
67 984
982 626
916 339
933 211
124 804
555 877
97 122
970 232
22 137
894 100
690 859
522 506
667 759
126 486
339 554
238 234
711 163
765 205
560 445
576 305
402 455
59 341
519 490
115 22
17 860
301 923
909 659
176 462
418 142
4 296
845 186
561 73
27 189
106 466
126 247
556 794
981 215
499 207
370 979
252 788
96 584
548 208
367 823
602 466
310 1002
399 406
843 774
919 20
977 313
340 794
121 637
359 235
749 411
894 888
238 736
851 579
864 740
448 936
411 1023
429 402
701 183
236 862
297 71
38 71
528 73
594 625
692 833
967 932
333 611
147 538
60 554
267 162
177 567
364 449
801 364
798 30
191 211
560 1017
234 818
112 254
717 437
794 355
551 351
121 984
365 310
177 480
843 443
738 611
826 909
682 116
660 772
369 849
555 728
542 689
348 79
508 978
582 580
541 155
612 627
237 197
1008 543
751 471
70 351
372 229
887 751
672 228
638 11
416 1006
697 1015
576 47
233 943
76 242
52 42
722 12
296 320
179 108
881 521
731 617
1003 683
354 140
156 402
899 863
44 163
364 319
955 136
125 179
777 859
799 1019
1014 454
70 506
350 742
133 99
202 259
71 207
904 71
49 674
191 66
124 119
771 0
226 511
160 149
763 751
65 666
36 958
952 654
549 1012
935 102
99 717
787 648
795 133
738 717
241 1008
604 450
553 280
815 254
602 171
269 979
629 661
817 681
257 665
556 972
311 717
336 478
445 769
855 282
577 717
739 255
944 861
482 164
631 207
492 755
112 780
806 776
886 264
598 511
278 764
913 398
71 552
742 68
961 529
1013 187
386 982
61 595
958 359
537 31
582 436
88 370
187 968
489 117
5 237
442 164
875 1021
727 932
417 875
372 345
222 306
385 747
308 546
642 697
279 788
164 641
909 99
443 883
993 447
868 823
609 963
1022 1022
987 1008
337 244
483 274
611 611
501 970
708 818
79 405
770 88
245 528
679 950
586 191
799 541
344 348
384 136
543 193
75 357
659 683
434 380
218 505
509 956
363 17
486 86
796 649
42 937
447 579
292 293
838 16
993 599
310 925
803 561
625 12
229 445
677 526
750 431
328 577
905 156
772 779
349 85
210 326
388 351
633 587
298 349
872 24
235 432
395 128
580 370
846 842
639 923
756 718
1019 925
416 900
309 451
389 830
604 44
909 454
620 182
66 367
407 19
513 986
638 315
381 296
618 416
468 971
118 627
231 438
588 758
76 570
298 1021
738 162
154 27
405 577
951 50
28 98
541 877
1019 901
932 1017
242 345
563 709
332 892
922 636
814 984
483 250
646 713
797 821
936 170
521 573
285 404
195 423
82 453
420 735
194 829
538 756
947 578
756 338
214 57
348 204
671 1020
406 5
593 430
1014 236
901 487
680 742
474 1020
272 715
386 589
513 533
936 72
725 141
210 315
18 814
908 462
347 177
711 516
948 1020
100 705
513 495
893 393
185 687
962 604
520 987
32 647
931 7
815 884
248 710
98 660
240 15
789 20
23 338
996 462
839 148
458 217
632 403
128 783
752 516
122 889
961 206
486 57
469 482
602 670
163 431
505 527
491 849
834 21
744 358
818 210
931 1004
123 495
456 573
925 932
813 252
939 957
557 903
88 739
586 25
196 731
661 427
616 899
45 485
435 383
399 798
160 565
765 824
578 398
878 49
301 760
304 592
105 1002
193 230
794 317
372 887
942 923
373 978
164 665
678 897
862 328
556 297
333 221
300 733
209 728
732 304
604 204
376 101
642 378
282 600
148 944
305 382
566 842
688 977
745 300
707 953
8 719
88 405
971 811
517 103
548 351
998 861
711 1003
166 13
362 295
644 692
342 202
53 278
996 20
534 1012
277 447
47 870
550 305
237 571
959 658
352 361
933 661
661 266
710 179
791 701
571 248
814 103
43 924
884 288
618 86
167 896
1019 793
1008 965
463 104
817 376
211 488
948 889
786 452
190 269
721 769
44 957
725 82
689 757
468 510
515 68
634 214
725 353
664 162
483 894
566 627
609 740
782 386
988 720
284 602
698 362
2 340
960 196
818 733
207 365
26 968
609 439
986 700
152 214
185 122
852 407
816 651
663 301
624 773
295 216
425 745
516 877
91 56
326 108
861 282
750 225
144 469
39 524
126 959
878 186
761 88
462 789
941 291
80 331
326 769
369 531
257 320
987 229
556 141
254 71
553 762
6 289
676 860
917 29
880 622
648 884
518 174
319 344
337 1023
212 649
516 525
50 191
573 978
267 639
89 358
947 824
737 918
708 374
885 737
835 159
707 969
768 901
740 343
594 380
706 502
863 849
554 545
794 270
267 256
567 533
434 325
883 206
72 479
640 785
194 865
162 121
843 491
851 544
810 223
473 327
131 871
981 29
849 455
740 150
367 316
1023 259
749 628
775 799
909 948
973 644
546 890
340 169
86 602
324 304
949 464
645 730
855 613
223 240
726 731
488 339
316 141
454 67
792 300
426 105
153 980
642 610
659 797
817 40
896 618
423 741
966 999
756 635
1018 321
380 80
540 260
285 842
231 231
1005 10
779 532
646 770
346 456
673 130
528 587
536 817
626 7
975 420
131 857
940 500
637 423
913 790
808 98
329 892
967 632
739 642
361 848
837 249
298 686
221 133
55 318
620 887
511 465
373 362
143 756
188 215
841 733
272 218
111 882
514 307
814 515
444 719
972 368
692 269
549 825
88 672
647 881
665 497
961 1
534 72
754 237
737 275
334 489
510 507
631 541
595 311
82 580
910 101
1011 373
1017 704
217 128
883 975
462 836
42 813
127 306
310 666
139 636
165 365
639 720
312 116
671 223
758 981
325 497
52 332
588 741
396 801
819 200
45 835
941 398
466 253
68 97
295 878
337 558
718 209
54 432
192 451
682 109
432 403
341 722
21 425
91 996
470 18
987 257
270 709
135 667
474 657
122 922
560 130
361 162
218 89
792 710
442 119
516 144
187 135
57 261
480 924
116 890
409 608
299 445
302 135
890 12
770 86
154 494
540 83
451 149
169 283
116 987
97 746
78 197
579 281
343 297
930 209
757 281
277 774
798 794
609 518
62 403
68 312
603 532
464 964
1013 432
504 273
949 136
486 233
664 252
949 855
895 944
1020 445
950 707
891 873
479 336
409 453
417 407
16 560
557 596
326 517
202 112
147 631
873 561
780 514
936 392
584 380
330 155
647 527
695 672
629 143
243 84
834 923
261 606
148 32
201 108
818 223
754 811
421 225
690 869
56 934
957 524
188 109
240 791
670 819
840 54
917 274
307 515
865 1010
95 263
729 940
411 962
139 941
619 267
122 508
785 265
228 633
402 240
291 591
55 89
370 603
621 924
215 569
843 453
955 596
500 75
701 398
563 367
355 847
630 591
928 742
503 290
3 498
631 477
559 353
24 479
807 632
205 151
473 763
680 922
440 862
343 853
566 185
716 166
796 810
2 177
835 510
958 174
846 212
828 111
592 585
695 869
135 50
677 246
252 301
588 579
557 259
390 816
143 800
239 833
297 582
430 962
529 555
314 623
591 304
622 738
850 789
835 827
608 122
298 836
384 758
243 792
909 937
856 421
183 784
1006 772
125 970
790 278
897 128
113 952
875 808
136 58
59 412
552 592
9 217
912 281
361 358
459 641
638 454
237 784
546 572
410 624
801 929
248 194
268 682
96 432
172 39
797 620
169 288
540 582
303 126
613 308
725 890
944 412
173 984
875 935
505 502
152 403
515 366
345 180
632 912
84 482
533 860
820 531
281 519
427 965
795 317
832 405
371 369
928 360
761 564
47 692
116 869
917 954
282 632
929 332
189 695
569 43
787 775
860 639
176 319
614 803
923 840
508 157
513 931
842 498
481 414
547 427
944 940
538 783
491 390
812 966
873 58
24 237
555 711
905 84
26 507
104 799
902 304
554 658
902 773
583 626
416 990
574 657
302 469
515 658
722 1020
64 131
693 29
679 318
31 109
788 627
845 616
1010 986
102 64
948 293
748 390
217 959
563 960
114 882
660 679
878 963
822 518
759 155
304 762
75 524
237 863
625 107
737 494
766 810
468 340
706 273
81 445
700 198
716 337
609 550
313 3
766 91
660 356
769 830
981 692
179 311
297 904
119 649
93 953
937 845
835 977
928 108
312 819
321 111
46 157
570 440
565 12
943 673
460 1008
723 509
498 918
198 96
284 389
791 301
891 995
899 389
55 388
735 865
45 704
780 925
936 660
591 432
775 245
457 930
481 905
644 362
515 35
442 334
128 71
560 556
966 475
687 993
895 628
972 519
96 316
244 900
988 929
572 238
658 594
608 548
948 668
719 859
593 677
746 196
345 1005
220 345
314 271
205 672
745 736
341 649
806 245
778 671
79 855
948 192
296 443
575 119
922 107
325 380
76 630
821 775
215 227
212 1009
692 113
906 991
511 907
574 643
17 374
796 841
976 92
238 83
54 541
252 825
472 948
887 77
722 648
726 443
48 753
455 858
960 476
980 805
564 788
938 328
903 436
440 215
212 928
184 982
841 184
467 627
665 474
446 436
345 617
53 287
664 655
172 707
805 90
512 175
799 953
733 524
234 624
538 885
791 1013
118 959
660 294
603 990
596 654
92 877
98 92
424 1023
857 766
384 621
594 704
383 790
865 574
272 766
389 82
793 175
974 852
766 728
950 581
381 703
586 234
276 511
860 211
38 298
109 159
98 76
628 597
408 520
786 4
630 77
837 802
486 458
761 848
265 508
722 230
725 388
885 418
654 944
1023 595
967 813
455 290
223 295
276 91
395 457
404 628
373 697
837 359
255 374
396 794
227 525
427 482
673 1006
810 202
814 162
672 372
550 189
115 733
880 855
170 43
694 683
216 853
338 717
557 261
975 421
957 532
967 182
238 245
923 24
52 118
401 538
842 198
692 27
356 481
216 887
869 210
878 275
399 881
81 256
941 284
134 397
740 835
422 902
420 16
295 570
197 701
369 192
510 384
544 678
781 1002
637 325
107 1013
898 10
882 573
119 667
211 504
889 502
450 850
784 158
565 761
134 563
99 153
289 218
725 805
84 337
545 310
854 663
570 1001
432 278
215 991
802 498
916 289
974 823
134 46
650 308
825 71
712 126
6 737
65 500
736 226
55 374
95 655
888 842
889 131
520 23
1001 110
1 947
508 975
968 915
488 999
209 632
208 183
870 444
332 455
308 714
427 623
450 943
136 356
638 593
646 439
17 369
441 948
871 919
1007 155
36 160
688 426
588 715
980 911
787 758
756 1010
556 443
720 877
245 607
74 93
16 292
871 451
302 18
156 676
31 0
946 456
369 127
652 31
214 859
479 3
935 747
961 444
178 112
744 347
141 682
532 600
153 613
1022 809
53 82
188 468
993 825
932 685
169 132
5 913
1022 710
222 564
456 552
108 317
1013 447
460 496
917 148
121 800
823 83
596 526
104 791
525 352
661 581
191 397
413 690
567 643
600 307
75 910
394 708
1005 41
381 889
940 172
134 590
818 700
798 183
328 593
163 82
593 204
40 266
937 999
823 1007
699 328
288 638
674 511
113 184
308 355
878 1015
942 1016
673 704
593 405
57 955
843 644
510 208
237 812
455 109
795 58
158 443
981 347
851 947
411 58
350 1
74 964
383 905
545 847
197 520
83 739
520 754
651 407
33 458
993 381
197 468
682 99
192 626
109 741
298 122
8 119
500 592
299 760
173 673
868 276
290 989
121 158
979 52
673 739
655 84
303 560
52 269
77 788
350 445
956 279
587 624
178 919
915 245
382 382
627 0
778 1015
465 901
231 119
136 440
100 858
698 696
942 369
324 879
723 449
271 993
885 463
83 957
768 161
476 999
908 657
759 339
274 1
537 485
741 777
396 443
693 171
554 39
635 960
259 679
431 127
419 718
236 303
657 951
603 960
291 76
80 164
65 49
864 258
386 953
692 621
10 622
593 703
214 810
938 466
184 37
708 572
702 963
956 694
6 583
962 9
735 122
653 224
59 279
655 926
52 280
52 580
619 440
639 663
460 800
595 400
360 1007
109 135
233 295
440 747
126 477
583 217
267 362
1016 740
1022 71
559 240
514 937
457 617
569 171
904 937
587 725
256 272
440 77
484 197
129 490
875 453
789 562
747 156
84 520
671 883
153 303
505 900
575 644
999 644
766 876
3 176
880 516
120 348
803 310
383 404
537 654
785 961
578 977
201 289
348 743
181 779
679 627
781 355
940 138
353 669
54 533
530 594
370 960
380 996
111 525
918 461
982 835
769 573
371 973
201 831
717 113
94 642
236 780
595 432
791 711
228 288
874 997
98 151
968 459
977 615
771 61
127 59
217 896
241 22
760 505
94 10
753 364
753 918
1008 1022
86 903
627 539
192 407
444 71
922 679
328 345
776 228
782 577
230 922
168 74
472 681
425 115
894 34
311 264
369 313
279 564
448 607
217 973
216 8
720 761
295 285
610 915
615 936
652 560
652 224
710 13
11 929
99 124
32 496
226 838
964 354
844 549
202 679
38 300
952 122
1023 923
761 669
622 938
9 870
731 705
670 238
450 295
268 686
795 450
564 902
884 530
583 14
199 73
54 164
152 131
917 724
36 127
842 547
270 753
443 301
364 139
910 306
802 394
174 980
656 78
769 542
659 851
420 201
256 693
378 702
228 912
674 40
508 832
363 461
484 241
312 81
951 89
473 474
37 886
697 734
716 98
729 335
343 355
540 247
580 372
208 914
553 868
279 49
913 500
527 130
650 439
648 72
425 110
25 971
354 173
86 891
583 314
949 9
808 761
541 634
31 1018
754 34
705 708
838 519
920 63
904 504
551 578
825 946
774 349
756 259
531 625
131 863
780 702
201 684
723 578
285 9
463 730
77 743
1017 429
1023 293
214 931
517 919
558 39
1000 593
1003 705
70 858
450 154
160 540
877 941
775 836
689 776
47 73
25 363
194 419
210 385
290 147
905 791
250 574
759 633
723 29
771 796
980 190
959 155
42 978
990 920
436 114
475 106
25 229
395 670
580 123
75 396
985 935
927 867
682 428
380 449
399 306
113 931
152 15
105 257
381 754
428 420
843 114
4 752
360 609
973 850
35 31
889 132
426 883
351 468
940 953
834 582
479 266
901 206
936 335
298 256
590 415
526 597
610 1008
1019 467
1006 768
618 93
807 933
610 652
498 537
186 843
413 391
491 23
1006 174
306 178
799 319
1022 38
574 558
433 663
840 194
132 1023
63 783
968 928
806 600
221 348
229 955
439 645
122 583
170 51
304 102
506 249
857 868
902 645
306 167
959 52
842 560
761 125
137 367
285 46
233 847
353 215
848 714
493 138
384 905
783 1004
443 197
374 100
129 904
627 433
241 649
164 18
684 898
677 97
813 641
857 876
12 125
515 708
335 944
894 822
217 560
657 987
790 770
265 141
790 473
707 274
670 431
201 602
992 779
248 162
441 967
973 133
339 399
257 297
901 166
624 115
629 698
401 134
649 775
303 818
401 356
456 932
420 681
88 192
100 667
154 137
527 1006
776 629
248 308
657 200
859 771
840 660
59 889
810 594
246 367
163 333
360 117
531 105
621 144
937 240
857 627
153 402
377 532
849 519
16 997
873 495
991 628
132 69
1012 55
859 202
888 789
290 168
755 492
683 415
201 94
802 446
296 703
408 513
650 68
871 637
1000 622
950 806
269 43
40 727
778 337
175 115
381 588
620 851
843 605
896 879
20 925
472 518
621 293
850 291
817 52
471 980
908 755
771 681
144 768
227 576
409 74
714 150
142 191
996 755
92 278
4 20
877 588
939 676
643 123
173 314
538 592
328 6
374 732
494 384
511 976
1018 419
676 653
579 847
426 980
47 381
508 1023
921 741
222 46
984 1017
928 469
677 304
377 192
451 475
504 25
433 660
964 835
284 362
98 53
486 827
500 582
767 107
1 981
73 975
737 844
368 19
514 944
268 470
685 9
194 464
535 447
886 274
554 260
775 75
114 57
984 373
813 996
797 56
733 460
27 395
208 697
664 379
167 697
901 702
84 381
32 313
335 273
530 2
88 253
81 255
888 890
888 554
597 28
865 879
638 523
375 588
395 196
666 605
999 1003
630 326
475 187
664 946
224 945
864 253
669 376
528 983
412 283
941 862
62 285
289 857
626 757
354 663
209 696
294 199
964 600
649 755
394 209
1018 79
630 480
972 667
511 423
559 367
171 29
870 810
524 450
497 959
25 958
648 171
900 435
338 844
918 343
541 206
5 853
269 537
702 441
485 350
822 426
631 255
614 210
976 813
580 106
848 557
229 591
533 442
473 5
823 342
745 684
834 826
676 613
934 228
10 419
682 880
573 888
680 919
1007 935
971 998
251 244
854 991
9 325
486 17
225 981
519 847
828 811
696 53
163 44
716 284
28 314
299 50
735 478
326 799
758 209
158 841
572 169
671 132
712 114
143 8
674 933
398 747
511 950
698 147
811 688
44 988
732 61
910 977
735 604
798 419
300 869
186 746
137 791
1021 821
243 477
404 148
474 250
681 19
446 862
1016 917
191 312
920 983
911 938
353 875
391 1003
709 145
38 828
372 923
395 781
77 125
290 373
956 648
493 143
310 834
633 313
782 337
59 677
108 731
914 249
153 812
553 777
657 662
376 522
518 20
300 854
515 296
899 85
321 905
389 307
951 7
298 131
562 950
176 380
616 630
370 833
341 295
727 408
14 874
39 75
108 325
938 279
432 249
768 585
576 463
172 455
567 892
836 741
814 306
128 629
667 325
107 999
647 563
814 581
535 367
121 998
980 223
633 409
959 518
790 518
344 580
419 710
552 765
197 250
290 852
642 206
1003 47
732 675
819 991
886 874
936 1015
1003 894
818 175
683 689
368 151
157 641
60 948
563 37
842 781
202 158
667 999
199 892
328 572
352 580
492 13
390 251
130 249
500 746
550 75
15 890
243 146
410 448
932 960
95 639
493 5
153 3
560 939
977 262
716 732
83 782
316 846
463 760
398 254
26 795
755 351
58 595
616 260
41 871
662 999
366 346
1020 142
543 426
178 121
811 715
976 352
198 980
972 177
478 1021
92 664
146 211
215 533
803 142
7 454
13 412
923 654
967 930
920 574
721 677
146 851
760 233
697 902
993 613
1001 7
955 711
494 225
960 508
514 59
247 578
129 724
1020 866
696 448
425 737
131 715
171 656
957 310
675 532
673 952
462 363
603 874
751 893
920 146
119 352
295 221
12 1018
1012 412
341 803
802 85
402 96
38 841
793 430
233 115
495 779
184 668
360 580
823 330
1000 481
370 172
478 846
0 909
628 420
789 314
761 869
242 648
733 309
401 326
194 303
86 882
34 580
777 203
679 382
576 793
589 591
15 257
775 269
292 74
314 995
380 462
268 543
648 786
483 727
679 846
924 877
994 987
988 749
148 613
936 884
570 293
930 603
633 585
882 900
278 219
31 735
1011 609
60 473
787 757
574 270
303 124
438 995
346 573
225 834
1017 433
301 756
503 460
822 27
148 256
1013 296
160 877
932 18
641 687
497 932
151 347
177 846
390 66
212 220
29 15
51 305
977 793
224 705
785 254
769 747
722 88
924 47
106 136
805 55
415 1018
338 843
125 684
482 90
114 955
672 806
432 406
622 580
99 445
324 327
554 493
216 122
442 935
260 717
585 819
832 223
374 215
954 468
283 725
576 870
948 876
819 411
369 267
321 540
847 443
446 1009
616 331
898 846
653 985
744 302
252 667
821 927
789 41
454 499
1001 872
774 209
794 4
697 385
256 71
65 19
686 390
856 235
263 859
1015 599
881 929
882 819
815 284
86 918
587 519
412 481
902 461
612 566
941 696
554 534
712 210
857 419
949 584
384 194
355 547
200 617
754 485
850 270
32 224
447 917
979 998
616 678
564 371
291 453
307 583
653 669
1022 535
76 549
750 749
331 318
325 689
791 46
579 610
338 128
415 577
250 350
587 945
485 119
955 321
212 248
92 7
208 140
70 908
397 994
952 487
530 258
594 809
228 581
493 854
841 1014
74 256
582 486
754 668
583 107
289 581
780 268
760 694
786 787
273 221
961 877
704 26
122 18
551 71
176 388
162 967
460 547
45 559
572 323
265 931
159 656
79 183
883 935
690 16
130 133
516 1017
147 911
189 58
459 288
628 580
666 649
452 653
836 624
80 90
47 754
463 195
952 540
23 385
971 8
442 431
561 625
847 357
654 545
691 492
409 912
572 917
70 49
243 930
84 569
283 927
639 806
918 218
183 118
474 695
475 624
967 19
601 621
458 500
413 268
632 921
401 928
348 333
75 826
787 666
831 617
193 883
831 913
836 357
29 934
922 553
628 620
896 392
768 329
930 161
751 879
254 390
794 128
1010 991
209 92
794 654
773 693
973 974
53 742
414 435
589 469
567 84
799 955
959 420
38 194
812 35
442 572
898 905
130 739
110 629
278 70
189 36
1007 682
404 747
470 599
28 28
226 191
387 378
950 286
720 564
528 499
896 113
136 240
747 53
379 495
565 632
598 185
1000 998
482 460
822 212
656 184
259 242
518 139
71 652
465 555
244 369
636 274
893 989
82 704
53 817
473 859
482 172
407 449
790 538
961 644
245 288
691 215
590 103
1008 35
761 865
874 787
67 87
665 111
644 471
809 8
250 219
875 513
1010 381
202 949
797 590
308 867
958 809
513 624
650 952
1020 59
345 920
636 894
267 858
122 741
489 210
879 994
599 14
32 1006
752 564
858 67
439 912
676 797
755 1023
103 179
701 613
423 195
53 722
253 465
993 946
948 165
716 840
926 443
406 68
37 709
7 786
663 82
443 659
937 178
117 958
830 831
1018 240
403 473
186 1007
200 453
51 45
128 124
360 599
530 359
82 1012
519 216
728 285
809 440
827 339
688 481
200 882
50 61
468 1021
881 105
931 640
550 625
137 579
619 631
904 595
897 37
1007 250
96 776
569 33
297 810
1017 38
368 731
174 765
469 642
98 357
580 575
359 61
318 810
1012 776
318 1009
158 96
956 397
322 561
564 310
688 857
337 771
797 318
615 586
175 322
928 379
213 814
987 329
588 192
466 943
948 782
761 92
421 769
987 607
453 338
802 233
156 784
867 756
376 951
46 358
67 9
617 46
79 585
139 177
370 999
490 239
92 115
975 809
820 206
78 288
252 1020
501 266
366 365
623 476
597 10
717 10
625 561
836 644
696 474
313 2
887 172
609 8
83 247
490 417
772 539
893 427
305 497
392 481
12 437
849 581
473 103
415 199
93 497
969 405
819 582
40 786
995 735
962 644
105 772
47 775
182 990
218 615
542 626
285 508
942 460
647 631
909 795
271 88
536 481
42 935
756 919
451 581
986 730
44 451
819 167
632 775
538 138
871 283
823 432
438 452
254 337
181 405
706 288
112 401
852 602
934 283
868 18
663 830
539 726
584 743
944 95
697 333
202 67
121 271
18 238
571 484
515 177
76 178
501 378
509 748
1015 478
372 77
106 72
196 455
55 408
509 933
386 378
987 84
928 865
268 895
923 838
535 775
982 128
645 1016
620 675
623 247
770 104
965 404
365 532
214 935
695 41
673 767
52 832
832 608
517 615
620 626
603 445
352 843
767 607
184 500
980 757
818 431
431 388
625 822
25 981
1004 409
864 86
302 666
689 521
282 467
796 167
511 552
946 954
444 341
845 353
540 932
320 600
674 147
721 646
963 15
654 855
232 526
1022 681
516 965
753 508
46 631
632 687
335 94
255 883
272 164
263 865
743 476
916 573
846 769
791 991
330 672
868 510
56 483
307 158
112 88
404 469
270 124
980 387
540 45
602 284
230 474
879 140
29 842
487 567
998 736
587 85
171 5
250 39
50 435
907 242
724 531
812 824
673 492
671 742
158 700
918 168
752 83
1017 572
775 192
118 564
552 84
886 179
322 748
374 819
789 480
844 612
542 234
209 862
982 986
890 701
116 78
181 635
519 0
129 738
618 284
186 392
74 45
980 61
277 43
264 548
268 460
705 457
41 84
830 591
216 994
69 253
689 597
327 834
623 636
566 281
908 650
166 260
559 74
349 175
471 631
884 686
772 107
150 445
219 209
237 165
684 457
796 547
23 65
68 881
74 667
618 169
949 818
346 1006
908 32
69 291
138 945
326 836
424 76
702 338
316 429
715 1014
906 632
873 73
385 611
862 957
144 877
944 145
936 614
685 796
765 835
736 1019
143 558
690 192
445 43
483 623
426 491
1022 703
238 405
843 811
833 965
973 601
464 761
267 316
838 912
226 229
202 783
134 437
953 156
739 573
11 440
143 298
958 200
924 339
374 793
863 577
115 760
978 32
625 52
68 769
570 942
630 678
696 861
185 279
667 902
668 313
273 74
940 29
732 711
599 677
598 264
356 211
868 729
12 71
928 919
923 491
750 980
851 262
290 4
431 15
47 767
34 872
618 433
502 961
211 172
403 274
424 675
486 188
101 814
67 82
512 297
546 997
964 303
574 305
268 203
10 992
394 739
799 969
38 722
190 306
329 56
688 792
449 462
488 352
491 466
740 365
585 670
227 103
941 716
101 876
193 319
328 389
599 80
678 267
686 25
432 256
658 698
517 444
884 828
6 727
106 386
273 915
897 75
897 402
1013 890
116 213
744 320
16 868
495 490
504 655
946 314
905 250
774 146
858 124
434 863
463 269
165 676
154 332
477 321
770 114
630 554
575 230
970 1017
18 538
659 567
334 143
353 392
641 247
342 57
1002 728
385 837
438 562
400 713
281 150
347 870
914 375
405 744
903 773
126 218
411 361
510 866
372 581
838 120
94 873
579 48
302 933
212 504
200 849
821 873
579 181
723 490
593 136
491 1020
309 457
309 216
44 186
488 583
655 715
815 624
407 311
134 291
955 832
470 2
167 160
319 77
900 345
110 542
872 257
508 89
750 882
997 953
566 853
414 113
808 238
266 201
842 887
425 144
268 763
195 144
249 398
671 643
859 80
934 649
604 155
690 232
718 831
513 877
398 516
226 734
763 513
553 945
856 877
590 960
697 715
605 554
295 245
736 305
558 106
285 80
54 500
64 859
630 382
939 433
232 740
14 459
896 844
438 294
854 940
833 454
529 288
229 545
665 108
50 933
470 622
869 247
475 582
241 859
210 418
551 80
929 402
865 275
608 443
56 535
737 27
241 217
168 830
101 131
978 1013
396 402
473 342
585 974
656 841
511 934
62 417
951 1012
626 902
624 671
405 568
285 427
771 962
844 817
639 453
164 19
40 920
939 492
820 441
1000 486
600 231
770 169
568 706
265 737
989 733
769 846
602 307
853 246
913 343
459 491
427 743
64 367
481 649
954 954
90 522
211 980
219 286
458 544
480 313
201 2
45 949
78 943
961 659
522 843
1006 784
107 478
902 621
139 346
793 625
460 16
249 571
746 170
86 498
349 729
815 673
481 62
569 159
977 399
952 209
249 218
269 838
620 835
636 304
887 9
672 28
779 612
51 521
964 531
224 1010
719 138
1021 213
765 334
400 981
842 562
111 1018
193 709
705 164
668 586
167 522
797 78
806 218
868 768
769 500
581 950
12 601
858 716
481 104
484 676
576 702
82 372
431 596
500 179
680 552
660 822
122 34
815 197
938 598
822 885
665 200
182 923
1014 626
301 648
1019 288
77 314
5 264
553 754
52 409
181 511
368 899
713 755
610 192
825 260
371 150
689 733
969 955
568 136
1012 943
871 1022
303 1020
454 253
175 874
378 951
985 988
41 451
558 258
967 482
348 707
791 295
749 554
380 671
721 17
166 79
558 387
519 18
450 240
510 972
204 918
791 813
852 1007
368 505
633 414
1022 743
106 379
995 710
40 549
398 901
378 250
479 688
326 680
554 292
545 292
811 900
181 369
926 574
965 692
330 940
90 1004
41 157
569 606
588 78
152 788
480 878
129 124
249 49
196 868
611 891
550 204
307 740
356 906
238 6
856 628
449 844
663 975
999 933
942 304
698 332
73 850
366 547
761 294
386 985
306 974
296 753
417 403
428 677
423 348
58 802
571 69
871 596
836 481
930 303
370 667
223 89
239 900
920 47
375 559
289 1007
697 13
411 786
837 108
780 569
715 869
583 272
595 634
935 342
178 569
3 541
513 523
595 537
536 795
467 428
207 321
609 288
763 477
339 886
83 356
766 479
545 886
886 53
446 847
706 450
83 279
483 999
631 863
0 978
598 645
965 196
778 538
626 841
993 202
745 38
885 537
309 323
320 772
884 744
265 876
859 637
763 628
1008 597
637 932
623 745
574 617
452 111
903 828
592 818
1005 802
490 242
880 929
249 333
746 496
495 346
93 730
782 309
214 568
314 299
909 941
799 138
898 435
674 663
775 318
294 542
758 596
804 658
186 835
415 396
467 287
511 834
833 113
635 63
122 287
634 85
47 454
938 742
727 65
920 109
552 224
555 880
563 174
106 405
104 138
184 809
588 367
98 637
831 741
218 331
926 283
260 849
421 817
252 401
1011 914
261 340
315 85
140 676
594 396
365 201
317 935
425 630
696 937
819 578
136 113
661 696
765 266
304 926
549 614
388 672
755 468
721 488
496 501
332 280
136 594
973 566
450 239
346 625
443 854
673 147
63 4
796 803
193 657
726 420
500 607
348 833
783 819
383 924
203 627
428 352
444 399
312 110
447 690
670 354
390 752
872 605
708 692
674 1
168 892
592 423
830 96
896 349
122 409
237 406
872 1003
14 957
435 21
