0 
1 
2 
3 
4 478 485 
5 455 
6 
7 323 987 
8 1054 
9 952 238 
10 1133 
11 1143 
12 
13 175 
14 861 
15 300 
16 33 112 
17 204 
18 
19 146 
20 897 
21 
22 890 
23 1053 
24 305 
25 206 
26 318 
27 608 
28 522 1148 
29 443 397 
30 
31 
32 1078 
33 830 704 
34 
35 742 119 
36 537 
37 452 
38 382 
39 1049 165 
40 23 550 
41 247 1103 
42 600 
43 462 
44 
45 880 
46 354 
47 860 
48 6 799 
49 
50 106 762 
51 77 
52 10 
53 434 
54 960 
55 
56 1 
57 583 
58 
59 330 
60 875 
61 1156 
62 
63 960 
64 841 
65 1032 527 
66 765 
67 
68 
69 
70 833 914 
71 1028 251 
72 
73 440 
74 
75 412 
76 110 
77 
78 
79 934 277 
80 
81 1098 762 
82 658 
83 493 
84 865 
85 237 
86 1090 
87 608 813 
88 
89 165 446 
90 726 
91 
92 150 932 
93 684 
94 514 191 
95 651 
96 250 
97 978 
98 899 1018 
99 651 
100 152 502 
101 811 
102 173 
103 
104 344 
105 48 
106 
107 
108 121 
109 33 
110 949 1021 
111 390 
112 327 409 
113 801 1156 
114 
115 
116 535 378 
117 843 395 
118 217 647 
119 211 
120 694 
121 
122 
123 786 849 
124 31 365 
125 
126 933 398 
127 449 
128 
129 159 1149 
130 344 
131 961 
132 920 
133 491 220 
134 964 
135 730 
136 392 
137 1027 
138 654 
139 491 
140 
141 
142 
143 929 1137 
144 305 
145 
146 
147 603 
148 
149 363 
150 
151 518 
152 259 
153 170 810 
154 986 
155 1050 127 
156 984 
157 
158 23 
159 94 
160 484 
161 352 278 
162 477 979 
163 
164 
165 1151 1130 
166 
167 516 106 
168 
169 1049 872 
170 1119 837 
171 813 
172 46 
173 710 51 
174 384 
175 1007 
176 207 242 
177 
178 
179 868 226 
180 594 
181 
182 664 277 
183 88 1043 
184 
185 540 429 
186 1016 
187 94 
188 475 531 
189 886 
190 1026 
191 424 
192 659 
193 594 
194 249 
195 
196 1098 
197 298 
198 323 
199 623 155 
200 589 734 
201 731 
202 720 1005 
203 256 
204 560 
205 993 
206 286 
207 849 260 
208 193 214 
209 765 
210 124 
211 306 
212 294 
213 740 870 
214 1138 
215 578 
216 729 578 
217 222 562 
218 
219 318 
220 166 
221 1084 
222 
223 
224 394 325 
225 320 
226 
227 
228 812 
229 
230 4 144 
231 801 
232 
233 594 
234 1012 179 
235 853 
236 1052 
237 204 
238 299 
239 
240 494 105 
241 765 
242 320 71 
243 604 1119 
244 645 
245 596 
246 
247 
248 
249 954 
250 
251 581 
252 7 
253 1 
254 558 
255 1126 482 
256 761 
257 
258 897 1064 
259 
260 552 637 
261 850 756 
262 437 
263 
264 
265 579 98 
266 468 
267 375 
268 1135 
269 1063 176 
270 164 199 
271 1047 
272 313 31 
273 287 260 
274 901 71 
275 762 
276 
277 
278 368 
279 695 1055 
280 1105 
281 
282 40 
283 1160 979 
284 604 
285 
286 112 
287 
288 595 
289 859 
290 
291 676 199 
292 
293 641 
294 
295 410 
296 390 738 
297 47 
298 317 288 
299 139 1005 
300 1028 
301 543 
302 114 772 
303 65 
304 
305 831 590 
306 281 
307 947 
308 979 
309 206 930 
310 
311 243 
312 519 843 
313 74 
314 
315 
316 
317 
318 621 730 
319 1140 
320 1042 
321 77 536 
322 
323 592 878 
324 1070 
325 1019 
326 479 882 
327 621 683 
328 537 1039 
329 373 
330 590 439 
331 1076 
332 
333 680 
334 1012 662 
335 811 
336 
337 78 529 
338 119 
339 585 203 
340 
341 249 
342 696 
343 
344 
345 1030 
346 227 
347 115 
348 
349 
350 
351 
352 1118 
353 864 
354 406 
355 628 804 
356 958 
357 644 422 
358 660 198 
359 1104 549 
360 
361 
362 
363 
364 1159 
365 592 
366 
367 508 1100 
368 
369 432 234 
370 1141 
371 
372 309 
373 1128 
374 119 
375 1041 753 
376 1073 
377 376 
378 
379 977 
380 506 
381 
382 814 
383 50 
384 740 607 
385 
386 420 606 
387 724 
388 430 
389 341 
390 65 
391 227 
392 192 775 
393 519 586 
394 488 
395 682 199 
396 171 
397 941 
398 770 1092 
399 1082 
400 782 
401 821 
402 
403 497 
404 735 
405 620 111 
406 978 938 
407 228 
408 334 1154 
409 350 
410 24 
411 430 967 
412 1118 411 
413 
414 819 
415 101 
416 1006 
417 76 805 
418 970 
419 581 
420 
421 
422 292 
423 
424 
425 913 
426 
427 1023 761 
428 
429 611 
430 898 217 
431 191 
432 157 174 
433 364 
434 308 
435 666 
436 693 
437 834 
438 985 
439 21 
440 
441 
442 75 
443 841 
444 
445 380 
446 854 
447 790 
448 288 541 
449 334 165 
450 942 762 
451 341 
452 
453 
454 912 
455 1125 
456 992 723 
457 231 267 
458 
459 838 
460 793 
461 
462 11 238 
463 721 
464 803 
465 516 1096 
466 707 
467 480 
468 564 
469 70 
470 
471 
472 
473 363 
474 423 1100 
475 
476 549 
477 976 
478 206 
479 476 
480 
481 
482 924 
483 1088 
484 734 644 
485 639 
486 238 854 
487 
488 867 825 
489 158 606 
490 749 
491 679 
492 482 
493 
494 32 
495 
496 1025 1059 
497 691 435 
498 94 
499 
500 497 
501 549 
502 379 
503 777 
504 379 
505 655 
506 
507 116 166 
508 213 
509 216 
510 
511 1143 
512 1135 
513 923 
514 954 
515 154 
516 269 
517 62 
518 
519 55 
520 
521 944 527 
522 
523 539 
524 1079 165 
525 
526 1063 
527 585 
528 
529 995 
530 734 
531 961 
532 988 
533 
534 
535 363 
536 
537 624 
538 928 1122 
539 387 
540 1112 
541 
542 
543 1071 
544 
545 623 
546 
547 1077 803 
548 1091 
549 283 
550 
551 663 857 
552 588 516 
553 
554 771 512 
555 168 
556 578 
557 789 
558 685 
559 1055 
560 409 985 
561 567 915 
562 959 
563 893 809 
564 798 948 
565 89 640 
566 347 
567 268 
568 
569 457 
570 54 335 
571 222 
572 502 
573 592 1032 
574 572 583 
575 1049 
576 1113 
577 35 24 
578 776 
579 396 
580 1038 416 
581 
582 544 
583 221 
584 828 
585 644 
586 1005 
587 457 
588 
589 852 767 
590 864 333 
591 125 558 
592 673 
593 
594 406 
595 67 
596 1114 1082 
597 817 939 
598 743 
599 
600 
601 518 189 
602 487 
603 612 267 
604 331 
605 705 
606 57 
607 71 575 
608 785 
609 896 
610 93 
611 56 
612 
613 
614 
615 994 1099 
616 1157 
617 
618 1034 634 
619 
620 218 1051 
621 958 1040 
622 
623 511 
624 837 283 
625 563 
626 
627 734 312 
628 
629 32 807 
630 1005 708 
631 1096 888 
632 
633 
634 519 
635 381 197 
636 778 
637 91 
638 
639 350 
640 1128 
641 691 1114 
642 92 
643 148 
644 25 
645 492 895 
646 
647 347 523 
648 657 
649 1017 
650 884 
651 
652 720 548 
653 716 
654 14 
655 893 
656 203 
657 919 
658 
659 
660 697 
661 867 
662 5 
663 623 
664 
665 344 
666 1094 
667 696 
668 
669 
670 528 
671 918 
672 714 
673 839 894 
674 826 36 
675 968 
676 346 540 
677 374 
678 628 
679 
680 304 
681 735 
682 
683 489 
684 
685 564 
686 601 
687 852 
688 998 769 
689 1085 1027 
690 946 
691 1092 
692 
693 552 572 
694 
695 793 
696 416 
697 
698 
699 804 
700 
701 71 
702 
703 
704 651 
705 1158 474 
706 1148 
707 81 
708 
709 200 139 
710 60 
711 558 
712 717 
713 672 
714 
715 
716 364 
717 99 
718 
719 567 
720 699 
721 44 726 
722 432 
723 872 
724 681 
725 
726 378 954 
727 30 
728 905 
729 
730 653 
731 
732 
733 652 
734 
735 
736 693 796 
737 
738 
739 
740 1155 977 
741 575 
742 
743 233 
744 575 
745 940 
746 674 284 
747 1155 
748 979 
749 420 892 
750 
751 1158 
752 905 959 
753 1046 887 
754 293 
755 422 
756 
757 375 
758 73 
759 142 104 
760 
761 1078 
762 304 
763 1057 144 
764 1040 
765 632 
766 903 1119 
767 
768 
769 
770 
771 837 
772 279 
773 796 
774 490 906 
775 
776 816 437 
777 751 
778 788 
779 2 
780 690 
781 362 
782 803 1100 
783 
784 
785 1089 
786 
787 1060 988 
788 775 
789 741 
790 
791 
792 
793 1013 975 
794 770 1094 
795 
796 1047 1139 
797 502 383 
798 
799 678 439 
800 696 68 
801 918 1030 
802 392 
803 384 436 
804 940 
805 
806 965 
807 
808 264 
809 529 
810 333 851 
811 400 54 
812 
813 
814 396 
815 667 
816 713 
817 576 
818 1018 
819 736 
820 23 
821 1045 
822 843 345 
823 502 
824 
825 322 
826 1100 343 
827 635 1047 
828 948 430 
829 565 
830 
831 
832 870 
833 
834 913 
835 
836 
837 
838 118 
839 615 92 
840 946 
841 118 
842 
843 830 
844 882 
845 64 
846 1154 
847 
848 917 
849 580 1066 
850 1147 
851 
852 58 163 
853 1070 
854 52 759 
855 
856 424 837 
857 838 1019 
858 332 
859 
860 1092 
861 18 777 
862 558 
863 801 636 
864 893 
865 31 824 
866 141 98 
867 168 
868 462 
869 
870 
871 965 570 
872 670 
873 
874 
875 
876 338 
877 
878 563 694 
879 101 875 
880 935 
881 1077 
882 105 755 
883 1043 939 
884 38 
885 244 
886 829 1158 
887 
888 546 
889 762 
890 850 483 
891 981 302 
892 938 
893 
894 740 
895 447 
896 278 
897 575 
898 44 
899 387 64 
900 905 
901 258 
902 159 
903 952 
904 1147 283 
905 1014 
906 
907 836 464 
908 461 
909 1053 
910 39 808 
911 1032 827 
912 105 
913 
914 1039 
915 678 
916 749 308 
917 66 782 
918 
919 71 
920 848 
921 782 
922 
923 1116 115 
924 610 
925 
926 297 
927 
928 462 576 
929 463 81 
930 
931 
932 1012 
933 781 810 
934 
935 260 
936 729 
937 779 
938 626 
939 
940 504 550 
941 318 
942 297 
943 660 772 
944 
945 
946 
947 74 
948 1 44 
949 1076 
950 148 
951 901 
952 541 182 
953 306 
954 1136 255 
955 
956 951 
957 
958 323 
959 
960 634 
961 487 
962 
963 608 101 
964 341 168 
965 
966 764 1161 
967 495 
968 1022 
969 402 25 
970 550 
971 
972 
973 696 
974 773 196 
975 618 
976 282 
977 397 
978 
979 
980 1043 
981 522 
982 
983 427 533 
984 750 
985 19 598 
986 426 
987 
988 554 
989 1086 
990 618 
991 545 
992 277 712 
993 783 
994 796 
995 416 
996 177 
997 
998 760 517 
999 143 
1000 
1001 
1002 100 
1003 791 
1004 1038 
1005 
1006 
1007 
1008 1029 
1009 885 791 
1010 635 407 
1011 418 618 
1012 
1013 885 437 
1014 658 
1015 
1016 309 
1017 
1018 191 
1019 748 
1020 510 
1021 557 
1022 
1023 
1024 1130 
1025 
1026 1034 1151 
1027 619 
1028 377 21 
1029 696 872 
1030 
1031 826 663 
1032 493 
1033 808 236 
1034 1124 
1035 805 15 
1036 613 
1037 264 
1038 637 886 
1039 394 1040 
1040 96 
1041 324 
1042 405 
1043 714 
1044 
1045 1147 
1046 900 688 
1047 262 
1048 719 1042 
1049 657 239 
1050 1155 
1051 205 
1052 800 742 
1053 
1054 774 
1055 
1056 577 283 
1057 225 
1058 
1059 
1060 
1061 321 
1062 560 
1063 630 1053 
1064 300 
1065 
1066 1040 4 
1067 
1068 871 
1069 709 
1070 933 
1071 
1072 400 
1073 443 773 
1074 589 616 
1075 455 964 
1076 
1077 
1078 363 
1079 623 
1080 802 433 
1081 117 
1082 
1083 53 478 
1084 781 
1085 529 
1086 
1087 
1088 709 
1089 746 
1090 904 
1091 
1092 531 
1093 1161 
1094 987 
1095 
1096 
1097 40 
1098 247 
1099 1149 
1100 508 
1101 782 292 
1102 448 661 
1103 1141 
1104 
1105 
1106 
1107 209 
1108 137 1102 
1109 849 
1110 638 393 
1111 156 1142 
1112 823 
1113 124 
1114 821 
1115 842 
1116 1103 
1117 
1118 181 929 
1119 151 
1120 989 949 
1121 
1122 
1123 543 
1124 1009 465 
1125 686 516 
1126 462 
1127 1044 435 
1128 943 945 
1129 725 
1130 101 
1131 530 254 
1132 417 
1133 875 
1134 363 
1135 502 
1136 601 
1137 174 
1138 48 349 
1139 310 
1140 400 266 
1141 780 37 
1142 693 
1143 60 
1144 808 912 
1145 194 550 
1146 702 
1147 662 
1148 897 962 
1149 
1150 991 
1151 
1152 212 
1153 485 
1154 404 718 
1155 952 714 
1156 278 689 
1157 
1158 49 
1159 1131 
1160 690 639 
1161 1117 
